01425061655902
01425061655906
01425061655850
01425061655907
01425061655913
01425061655915
01425061655919
01425061655924
01425061655900
01425061655898
01425061655877
01425061655859
01425061655872
01425061655889
01425061656016
01425061655960
01425061655961
01425061655962
01425061655963
01425061656034
01425061656035
01425061656039
01425061656063
01425061656064
01425061656065
01425061656066
01425061656067
01425061656068
01425061656069
01425061656070
01425061655959
01425061655958
01425061655957
01425061656020
01425061656023
01425061656026
01425061656030
01425061655967
01425061655966
01425061655965
01425061655926
01425061655949
01425061655950
01425061655951
01425061655952
01425061655953
01425061655954
01425061655955
01425061655956
01425061656071
01425061656072
01425061655930
01425061655931
01425061655927
01425061655929
01425061655897
01425061655894
01425061656059
01425061655969
01425061655988
01425061655989
01425061655878
01425061655883
01425061655876
01425061655855
01425061655901
01425061655903
01425061656058
01425061656057
01425061656477
01425061656481
01425061656073
01425061656074
01425061656075
01425061656076
01425061656077
01425061656078
01425061656062
01425061656060
01425061656043
01425061656047
01425061656051
01425061656183
01425061656184
01425061656185
01425061656176
01425061656177
01425061656178
01425061656179
01425061656180
01425061656181
01425061656378
01425061656186
01425061656187
01425061656188
01425061656182
01425061656189
01425061656168
01425061656169
01425061656170
01425061656171
01425061656172
01425061656173
01425061656174
01425061656175
01425061656192
01425061656193
01425061656194
01425061656195
01425061656196
01425061656191
01425061656190
01425061656197
01425061656263
01425061656266
01425061656267
01425061656268
01425061656269
01425061656270
01425061656246
01425061656247
01425061656248
01425061656249
01425061656250
01425061656251
01425061656252
01425061656253
01425061656254
01425061656255
01425061656245
01425061656244
01425061656271
01425061656272
01425061656273
01425061656274
01425061656257
01425061656256
01425061656239
01425061656240
01425061656241
01425061656275
01425061656262
01425061656210
01425061656234
01425061656237
01425061656238
01425061656233
01425061656232
01425061656231
01425061656212
01425061656213
01425061656214
01425061656216
01425061656230
01425061656226
01425061656235
01425061656236
01425061656277
01425061656278
01425061656276
01425061656198
01425061656211
01425061656215
01425061656219
01425061656221
01425061656217
01425061656218
01425061656222
01425061656223
01425061656224
01425061656225
01425061656227
01425061656228
01425061656229
01425061656258
01425061656259
01425061656260
01425061656220
01425061656209
01425061656199
01425061656200
01425061656201
01425061656202
01425061656483
01425061656203
01425061656204
01425061656205
01425061656206
01425061656207
01425061656482
01425061656208
01425061656261
01425061657224
01425061657228
01425061657229
01425061657230
01425061657231
01425061657232
01425061657233
01425061657225
01425061657226
01425061657227